letter,letter_count,letter_upper_count,letter_percent
a,52,7,8.1
b,11,3,1.71
c,4,0,0.623
d,22,4,3.43
e,70,5,10.9
f,16,1,2.49
g,16,2,2.49
h,13,3,2.02
i,46,3,7.17
j,2,0,0.312
k,5,2,0.779
l,35,3,5.45
m,18,5,2.8
n,41,9,6.39
o,40,4,6.23
p,17,9,2.65
q,0,0,0.0
r,35,2,5.45
s,40,8,6.23
t,61,12,9.5
u,17,3,2.65
v,14,1,2.18
w,11,3,1.71
x,7,2,1.09
y,10,0,1.56
z,0,0,0.0
а,1,0,0.156
б,0,0,0.0
в,0,0,0.0
г,0,0,0.0
ґ,0,0,0.0
д,1,0,0.156
е,5,0,0.779
є,1,0,0.156
ж,1,0,0.156
з,0,0,0.0
и,2,0,0.312
і,3,0,0.467
ї,1,0,0.156
ы,1,0,0.156
к,1,0,0.156
л,2,0,0.312
м,2,1,0.312
н,2,0,0.312
о,2,0,0.312
п,1,0,0.156
р,2,0,0.312
с,3,0,0.467
т,2,1,0.312
у,0,0,0.0
ф,1,1,0.156
х,0,0,0.0
ц,1,0,0.156
ч,0,0,0.0
ш,0,0,0.0
щ,0,0,0.0
ь,1,0,0.156
ъ,1,0,0.156
э,1,0,0.156
ю,1,0,0.156
я,0,0,0.0
