letter,letter_count,letter_upper_count,letter_percent
a,70,4,8.64
b,13,7,1.6
c,11,0,1.36
d,26,1,3.21
e,91,0,11.2
f,11,0,1.36
g,27,4,3.33
h,23,4,2.84
i,46,2,5.68
j,4,0,0.494
k,16,1,1.98
l,32,2,3.95
m,26,5,3.21
n,46,7,5.68
o,61,3,7.53
p,27,11,3.33
q,0,0,0.0
r,53,4,6.54
s,49,3,6.05
t,65,7,8.02
u,23,4,2.84
v,17,2,2.1
w,14,3,1.73
x,3,0,0.37
y,20,0,2.47
z,0,0,0.0
а,3,0,0.37
б,0,0,0.0
в,2,0,0.247
г,0,0,0.0
ґ,0,0,0.0
д,1,0,0.123
е,2,0,0.247
є,0,0,0.0
ж,1,0,0.123
з,0,0,0.0
и,1,0,0.123
і,2,0,0.247
ї,2,0,0.247
ы,1,0,0.123
к,2,0,0.247
л,3,1,0.37
м,1,1,0.123
н,1,0,0.123
о,2,0,0.247
п,2,2,0.247
р,1,0,0.123
с,3,0,0.37
т,0,0,0.0
у,2,0,0.247
ф,0,0,0.0
х,0,0,0.0
ц,0,0,0.0
ч,0,0,0.0
ш,0,0,0.0
щ,0,0,0.0
ь,2,0,0.247
ъ,1,0,0.123
э,0,0,0.0
ю,1,0,0.123
я,0,0,0.0
