letter,letter_count,letter_upper_count,letter_percent
a,84,6,8.43
b,15,7,1.51
c,13,0,1.31
d,33,3,3.31
e,113,0,11.3
f,18,0,1.81
g,33,4,3.31
h,26,4,2.61
i,65,2,6.53
j,4,0,0.402
k,17,2,1.71
l,48,4,4.82
m,33,7,3.31
n,56,8,5.62
o,70,3,7.03
p,30,12,3.01
q,0,0,0.0
r,63,4,6.33
s,60,3,6.02
t,82,8,8.23
u,29,4,2.91
v,22,2,2.21
w,17,3,1.71
x,6,2,0.602
y,23,0,2.31
z,0,0,0.0
а,3,0,0.301
б,0,0,0.0
в,2,0,0.201
г,0,0,0.0
ґ,0,0,0.0
д,1,0,0.1
е,2,0,0.201
є,0,0,0.0
ж,1,0,0.1
з,0,0,0.0
и,1,0,0.1
і,2,0,0.201
ї,2,0,0.201
ы,1,0,0.1
к,2,0,0.201
л,3,1,0.301
м,1,1,0.1
н,1,0,0.1
о,2,0,0.201
п,2,2,0.201
р,1,0,0.1
с,3,0,0.301
т,0,0,0.0
у,2,0,0.201
ф,0,0,0.0
х,0,0,0.0
ц,0,0,0.0
ч,0,0,0.0
ш,0,0,0.0
щ,0,0,0.0
ь,2,0,0.201
ъ,1,0,0.1
э,0,0,0.0
ю,1,0,0.1
я,0,0,0.0
